7
79
235
86
31
10
37
52
16
93
179
17
157
129
186
82
16
254
24
197
113
112
84
4
11
24
56
55
133
141
135
183
36
131
23
24
108
182
111
39
61
165
245
153
120
210
57
148
154
112
124
195
60
148
9
125
219
224
79
198
86
83
4
110
31
18
4
120
178
16
200
227
200
71
202
95
23
164
144
122
18
248
203
243
19
111
81
146
74
153
147
27
253
133
218
16
20
164
7
127
190
42
236
185
190
112
241
86
70
91
45
83
80
133
105
213
172
183
70
136
41
28
74
21
194
120
56
239
42
183
179
64
10
191
149
104
164
40
150
104
213
192
25
220
245
0
6
14
14
25
136
229
8
122
62
245
129
177
20
50
229
0
42
251
46
190
188
168
42
206
24
16
11
197
192
210
183
224
21
34
214
156
155
159
216
133
149
56
181
162
110
133
208
189
116
82
169
232
174
15
17
167
59
102
140
251
122
209
255
242
5
3
179
85
244
32
1
131
238
98
180
125
230
169
204
139
88
56
228
196
13
76
198
243
174
209
150
71
12
32
54
42
246
40
150
135
244
234
65
15
110
231
246
84
98
30
225
118
252
184
228
116
144
20
20
100
86
244
24
32
249
244
10
48
68
21
35
0
92
158
29
215
36
251
127
177
133
227
148
41
252
228
67
25
48
171
124
214
88
172
222
159
115
8
190
113
65
230
148
95
253
124
61
2
213
14
22
55
115
208
118
1
241
42
13
115
62
115
236
46
140
118
119
193
180
255
17
118
124
16
146
20
127
120
53
119
89
176
181
62
56
231
117
178
20
161
112
138
197
38
117
215
219
149
127
18
76
204
29
158
193
176
70
189
236
232
119
178
249
141
127
188
1
75
100
247
190
232
16
18
234
33
73
73
120
118
148
162
80
67
16
36
22
62
13
79
61
133
76
28
116
164
37
1
206
171
7
7
173
65
36
72
252
85
212
78
6
153
15
16
23
252
178
147
130
176
84
207
83
181
60
20
11
222
189
224
191
183
170
100
67
23
159
131
212
191
111
105
126
110
103
17
144
200
53
48
6
132
1
4
35
18
189
48
227
24
33
17
117
152
203
8
140
209
176
125
24
181
88
163
69
2
68
147
172
52
47
25
213
14
2
168
223
2
28
143
249
231
106
190
41
66
41
123
158
27
47
124
238
251
31
242
82
177
136
75
28
115
171
215
76
186
18
34
88
196
104
48
14
203
11
196
80
128
240
84
24
32
4
68
165
81
8
14
140
135
103
63
20
151
210
189
55
219
188
200
193
182
56
130
243
155
55
248
148
209
213
255
90
109
37
95
147
52
19
87
163
138
252
49
184
205
32
161
19
239
88
152
13
7
54
18
212
11
68
61
76
35
168
38
56
155
248
113
88
131
61
41
105
6
88
157
166
43
146
97
6
70
168
64
203
2
50
22
237
50
28
70
28
191
223
56
249
19
220
248
40
244
0
240
73
170
208
87
87
40
214
227
59
179
160
60
91
251
182
1
206
214
200
118
33
233
212
1
14
219
233
26
206
218
145
167
66
48
183
229
152
166
65
140
180
248
42
28
52
235
25
93
185
178
193
146
2
208
7
208
62
96
18
24
220
64
158
7
64
226
228
148
0
11
145
66
104
1
194
153
122
208
39
14
181
113
64
193
89
196
147
217
16
36
236
218
164
254
64
168
222
47
49
1
13
31
1
47
84
55
59
85
153
161
128
64
44
224
14
42
10
35
14
11
41
26
238
85
15
238
229
192
16
203
60
201
12
231
176
158
218
125
176
80
32
2
147
127
244
162
1
115
59
24
16
1
64
190
250
19
41
14
4
193
2
117
21
72
54
255
173
120
95
119
155
113
20
115
195
85
160
240
142
2
186
151
196
207
231
14
1
226
49
231
229
93
58
83
234
39
52
141
128
208
192
126
123
119
230
128
148
213
165
104
33
64
224
7
120
94
88
52
97
161
38
152
144
28
194
136
168
38
199
134
210
161
124
44
160
220
148
133
26
64
112
39
7
95
32
47
31
19
26
93
188
1
186
145
134
64
104
192
0
30
2
26
217
16
177
152
44
80
235
234
148
155
217
49
56
1
170
203
222
58
35
64
243
168
192
240
134
116
118
122
82
213
87
127
49
8
103
84
244
200
48
68
6
28
4
148
224
56
2
44
91
49
138
5
35
230
163
80
82
144
82
140
74
178
22
72
160
224
41
109
190
20
214
189
108
39
92
184
4
12
171
44
148
129
105
32
236
84
109
19
161
124
22
32
7
62
231
18
138
70
81
106
65
221
152
113
207
8
192
180
157
28
176
145
209
50
220
44
4
13
7
2
38
4
134
254
16
39
181
186
148
56
182
133
48
76
38
219
131
161
128
100
35
56
179
220
90
64
76
158
27
13
2
84
251
93
150
222
42
81
138
104
230
76
61
204
113
52
220
21
196
32
7
14
233
19
203
64
15
19
7
193
47
35
11
25
42
50
4
116
4
248
139
28
38
191
8
13
56
4
32
44
28
21
22
4
4
38
242
141
151
92
44
32
56
32
13
11
6
192
8
13
8
8
203
8
155
152
208
80
144
184
107
56
32
14
125
167
1
50
13
164
148
38
112
64
147
127
96
93
148
64
82
168
69
4
21
154
4
25
6
232
91
44
20
203
112
16
25
93
88
131
57
49
243
74
18
196
193
42
34
32
91
25
235
94
134
16
112
8
93
64
83
139
52
178
234
11
131
7
50
236
176
224
255
138
105
204
18
90
97
235
2
109
31
85
171
10
84
145
175
17
244
88
220
113
136
88
201
41
165
60
16
208
4
164
162
208
64
1
128
132
104
208
200
165
88
176
215
239
226
58
220
103
173
239
33
47
157
150
13
80
168
71
221
240
112
36
41
11
188
80
224
4
128
187
178
182
23
161
149
16
49
14
244
31
14
2
193
196
32
70
161
109
188
62
88
42
8
131
8
21
104
88
36
110
56
132
88
215
143
160
32
224
128
76
54
200
19
122
9
24
13
59
76
7
13
87
61
13
16
253
109
83
42
55
122
41
46
25
227
224
12
240
82
19
61
191
216
214
161
113
170
39
6
11
95
144
91
255
43
186
183
121
13
18
205
121
211
92
211
114
169
215
3
102
14
0
35
16
112
24
4
16
44
13
54
176
64
176
112
208
48
4
12
2
4
6
56
176
68
4
164
224
0
52
116
244
144
49
3
78
228
164
35
61
88
236
176
56
8
7
5
11
55
124
32
184
60
16
144
96
32
13
15
14
28
115
145
16
208
8
208
224
32
224
224
64
112
128
112
128
208
112
16
136
14
109
128
68
94
164
108
49
58
112
232
200
4
28
176
112
56
162
218
216
20
112
39
137
234
224
66
3
108
165
128
112
240
240
240
220
180
200
148
208
94
8
136
60
55
229
22
147
32
32
200
12
233
22
176
224
8
4
16
112
48
48
32
48
128
176
53
208
112
56
197
64
176
128
245
236
168
160
224
48
12
14
61
8
92
57
114
62
124
127
236
32
140
92
17
220
112
140
37
37
167
133
0
214
11
193
59
250
156
128
196
152
194
114
61
41
205
148
220
13
174
13
0
40
83
59
82
90
176
50
133
64
64
208
128
128
16
208
16
176
176
112
32
176
224
64
112
208
176
64
224
192
248
152
56
88
16
128
224
228
196
100
118
110
140
32
56
0
56
40
48
64
88
23
234
198
176
171
110
188
94
14
194
253
56
156
150
181
221
16
60
118
130
188
26
130
182
128
144
115
158
174
86
25
47
175
99
47
98
65
141
65
229
108
37
100
112
124
44
4
55
80
47
58
47
164
120
14
95
16
42
98
52
32
59
0
165
48
93
105
28
176
83
87
7
52
72
228
145
56
179
20
177
44
56
5
208
4
35
128
56
48
88
72
230
183
49
0
19
77
72
128
196
120
208
4
208
128
38
148
70
55
97
196
244
84
47
124
248
160
41
70
64
104
104
8
200
176
16
112
76
104
168
8
220
252
236
88
117
180
29
128
252
89
232
156
193
239
236
6
103
132
207
44
89
67
121
39
213
56
244
24
194
88
190
162
218
212
192
205
239
19
49
239
124
69
25
218
128
130
88
196
132
36
168
208
244
8
64
14
175
225
40
244
104
119
8
191
84
46
30
203
62
216
181
233
24
42
172
229
4
100
164
96
227
9
74
4
122
54
221
145
248
167
11
19
45
4
41
136
145
65
49
232
66
126
41
135
180
162
8
186
15
36
4
32
48
204
203
127
248
48
28
212
124
100
204
26
148
15
44
69
101
62
246
44
24
232
136
123
9
215
13
73
136
30
2
60
38
21
167
187
57
4
2
189
228
253
24
169
16
6
5
35
24
91
239
143
172
195
84
40
54
40
124
152
10
4
49
50
96
81
22
39
220
56
79
87
152
133
25
180
25
38
143
45
62
138
148
255
37
7
16
103
32
35
189
172
9
192
172
242
37
231
22
136
127
233
36
61
9
68
109
144
20
244
116
239
202
241
4
130
133
12
2
202
39
152
244
61
32
16
128
8
26
57
255
168
78
11
184
70
60
47
193
213
245
17
21
94
38
128
176
136
128
32
240
56
14
112
176
248
244
44
212
98
168
20
170
112
208
76
188
248
28
31
222
204
104
161
37
84
182
157
116
26
44
42
22
156
154
176
82
124
30
158
123
193
209
104
25
168
93
154
253
140
101
22
0
27
130
103
37
16
167
102
164
124
227
31
168
2
200
240
56
8
32
4
206
185
231
141
212
80
130
252
84
132
4
179
104
32
208
161
4
21
49
109
244
244
224
124
47
19
38
13
176
127
88
101
182
176
55
44
16
181
1
67
244
177
134
8
1
44
56
218
152
52
64
26
84
112
20
240
216
219
89
136
32
4
200
168
255
44
104
176
150
37
52
42
20
76
199
8
20
145
76
232
153
20
214
82
86
2
44
69
241
185
28
188
55
56
61
44
60
32
152
134
244
223
247
16
10
82
102
213
25
164
229
22
83
27
37
162
91
81
15
180
13
50
182
4
255
64
155
211
142
57
149
8
57
85
16
91
43
140
118
117
154
252
26
158
205
174
209
133
117
4
156
220
192
67
248
50
7
63
44
229
140
42
82
44
2
44
0
192
88
41
25
14
38
40
192
2
22
204
100
21
201
189
28
218
21
147
224
98
20
37
53
162
11
67
12
2
160
52
164
190
35
31
215
28
28
52
25
0
31
2
26
26
9
225
136
200
103
51
53
72
38
199
75
167
112
56
143
28
143
186
42
232
31
21
8
56
220
176
218
251
208
244
31
18
59
2
188
236
35
144
87
22
82
194
6
48
40
253
54
181
156
115
52
62
223
30
58
229
133
217
109
35
59
25
76
6
91
161
145
1
116
38
4
84
224
152
100
127
47
4
117
98
2
152
88
228
32
44
93
1
59
186
156
107
152
32
117
36
4
4
213
34
54
159
96
247
21
152
24
44
64
112
16
160
16
104
66
238
33
9
101
184
144
119
123
81
199
193
44
125
21
20
53
7
85
163
162
147
35
185
193
33
100
142
156
150
157
191
160
1
67
22
112
165
158
162
230
231
87
224
120
8
11
160
134
198
179
38
16
179
32
217
45
28
124
252
50
119
21
17
133
4
14
35
4
148
41
228
113
216
56
220
204
122
85
56
140
132
56
44
37
3
5
2
40
47
49
236
128
112
8
168
28
208
240
144
12
180
250
144
128
32
72
112
0
136
176
200
80
32
192
224
128
64
96
32
8
48
236
128
176
160
64
0
240
64
144
96
16
192
176
188
220
64
63
18
31
113
224
137
140
36
36
1
37
68
80
4
36
112
176
32
4
76
200
32
88
113
16
208
208
40
176
64
88
168
191
35
137
9
11
112
44
164
4
104
96
240
208
168
52
128
16
76
248
16
32
112
208
140
155
183
8
104
127
16
64
64
32
196
4
64
19
50
84
107
76
164
176
176
64
88
224
128
208
128
16
32
16
16
64
32
176
16
112
8
104
44
124
54
242
224
0
49
35
16
152
220
19
47
22
7
61
42
241
64
117
233
145
192
32
32
223
109
49
32
64
6
132
164
100
16
224
196
224
120
128
192
236
128
104
52
128
164
140
112
104
208
16
208
29
235
56
32
112
128
196
16
52
32
100
180
161
138
176
219
64
112
107
179
241
166
217
205
194
38
93
112
164
64
64
192
115
192
164
100
12
132
150
96
16
89
4
28
56
200
48
52
16
62
193
8
13
63
220
11
56
38
26
145
165
22
59
128
33
244
170
168
128
100
104
14
37
50
244
84
22
52
128
112
196
176
52
112
140
16
248
152
11
128
128
61
19
2
115
82
73
8
13
207
155
125
186
16
16
64
176
44
62
129
47
193
56
28
42
38
20
139
20
164
222
242
114
251
28
244
164
60
124
32
64
153
104
179
97
52
128
14
47
188
224
98
131
105
42
8
25
112
108
3
103
143
80
145
117
49
217
248
140
84
208
16
92
184
104
16
36
156
104
112
108
164
44
8
8
8
208
168
16
208
128
121
106
200
28
150
208
196
147
128
231
210
94
91
201
211
11
104
34
58
140
4
121
92
179
8
88
24
140
32
125
169
22
16
63
11
56
236
0
100
0
172
37
72
152
148
221
87
203
154
246
224
203
67
150
132
162
5
126
215
162
210
58
44
25
28
31
74
233
192
8
128
179
157
89
83
180
103
110
192
168
208
220
76
118
118
4
56
14
84
35
41
38
156
28
32
4
45
28
128
26
38
208
144
236
88
8
38
47
240
37
208
224
73
192
228
52
67
173
12
14
28
28
56
52
45
64
176
176
192
224
104
52
182
2
21
52
44
52
52
4
52
70
38
16
8
52
100
124
76
64
4
224
148
32
188
16
37
115
84
44
244
28
186
240
228
64
32
36
56
26
31
40
112
50
202
96
146
76
64
128
32
244
112
248
4
8
56
128
32
112
28
152
88
128
232
128
96
160
224
104
52
28
28
32
8
1
26
162
88
230
52
84
42
19
104
248
19
25
19
235
68
163
143
171
133
32
52
104
230
7
14
20
236
84
98
241
16
254
138
106
64
10
82
70
128
24
11
112
44
168
4
104
213
226
31
88
96
32
160
144
176
96
52
146
76
49
33
48
216
64
21
108
243
50
72
13
17
196
218
47
11
123
107
13
25
56
182
242
35
38
197
74
146
38
26
28
104
16
28
42
8
8
140
137
62
42
224
32
130
70
164
64
64
88
8
112
112
48
92
64
200
184
192
128
148
4
56
152
16
208
42
128
136
192
200
84
248
50
32
215
0
20
118
129
178
26
218
161
172
158
62
138
155
244
188
176
8
31
206
56
100
134
61
26
254
193
94
106
141
116
201
165
75
200
17
163
217
94
79
207
202
71
140
50
241
9
187
140
200
160
84
128
147
14
34
6
2
49
11
177
183
148
26
42
202
59
123
152
75
13
2
176
14
185
176
25
239
44
0
38
28
181
50
62
50
192
239
160
84
126
241
5
252
145
239
100
112
112
61
240
217
100
96
212
81
230
200
200
14
17
148
146
32
78
19
167
27
195
41
11
195
223
56
212
13
108
155
218
206
225
189
103
93
42
67
32
90
26
64
7
129
64
104
224
128
2
168
8
146
52
8
104
196
200
222
16
200
52
49
44
31
244
214
141
16
220
152
58
124
152
120
72
208
16
176
64
176
100
140
244
91
32
224
4
32
128
112
28
220
64
188
112
32
82
38
157
64
93
7
61
49
239
59
1
2
8
218
104
140
32
176
224
22
61
176
192
48
144
156
151
8
4
16
104
32
98
48
89
160
128
237
25
102
208
145
225
100
233
180
105
196
164
145
226
0
221
247
230
85
70
158
165
143
195
112
64
236
66
12
234
206
198
144
56
212
28
170
70
55
16
52
224
132
108
44
224
54
40
224
19
220
200
112
16
20
176
124
18
42
164
73
211
151
200
76
211
186
62
161
188
167
251
216
50
241
221
146
37
16
61
164
111
196
4
138
117
126
96
128
64
144
84
112
68
196
84
152
200
98
55
199
192
251
224
196
32
180
205
6
248
210
214
177
86
240
139
224
68
147
2
12
8
228
104
146
56
200
148
204
248
154
254
4
42
148
212
28
48
168
224
76
11
224
128
148
196
4
56
128
132
164
56
144
36
70
32
32
8
4
32
160
31
69
13
21
16
13
100
236
21
158
254
194
32
8
242
146
16
64
8
38
112
140
224
224
234
79
201
16
13
152
35
44
2
3
20
38
234
226
194
50
212
200
44
104
76
174
155
16
120
193
109
233
74
232
240
16
48
168
208
80
208
200
88
80
176
64
208
64
112
128
48
56
32
104
138
64
112
32
64
224
240
128
208
208
16
224
56
144
172
72
16
50
96
208
11
112
62
242
79
22
80
14
69
32
160
4
109
144
7
16
69
21
112
38
103
36
8
146
164
198
233
161
138
171
6
97
28
155
60
121
52
83
56
124
106
47
157
191
158
251
4
181
224
185
171
248
242
130
8
91
108
91
4
2
84
47
32
130
97
72
72
8
41
8
32
56
84
8
188
32
35
146
206
168
250
43
240
96
62
198
90
100
112
10
4
33
220
82
199
8
19
208
88
100
56
98
48
121
8
184
104
7
167
168
148
174
218
64
155
218
114
178
67
129
31
147
245
152
157
38
52
98
128
6
125
187
205
203
117
99
176
67
128
235
245
1
44
84
232
112
208
84
173
239
218
49
72
56
4
8
24
25
224
42
214
78
87
195
192
73
221
42
255
7
169
99
244
217
216
205
91
133
140
140
106
176
50
194
240
152
208
170
0
152
173
11
232
62
164
140
16
164
163
16
44
148
55
217
2
35
194
62
8
88
16
143
110
28
214
228
56
35
128
97
31
114
16
8
213
4
208
22
2
214
223
11
49
116
84
10
247
146
19
84
221
224
203
56
88
115
250
58
213
90
164
169
227
182
230
4
61
188
76
50
197
84
8
131
56
28
56
154
2
8
40
11
52
49
232
69
120
201
221
148
76
52
48
82
47
206
163
252
16
138
224
251
92
239
208
118
49
109
220
239
142
202
42
69
196
188
171
117
49
91
213
112
199
56
140
236
134
156
142
160
169
25
167
162
2
32
196
4
138
162
9
87
227
168
83
179
120
134
20
89
189
214
148
119
73
47
56
32
208
200
220
105
159
221
64
244
44
200
211
110
249
52
78
226
157
22
208
41
11
88
170
191
37
142
68
28
41
56
172
84
160
52
196
208
100
16
19
44
44
44
224
33
22
184
116
2
52
32
8
34
59
115
164
16
32
180
196
62
52
145
84
124
13
212
22
61
55
176
227
227
124
31
4
136
35
49
100
22
21
192
230
211
214
238
71
115
143
50
224
178
107
147
8
4
47
1
35
1
37
4
168
131
58
135
138
124
176
111
162
38
56
216
134
0
168
69
51
154
92
97
230
70
136
225
221
69
200
78
119
209
166
194
168
49
222
198
104
168
228
119
80
4
38
176
152
8
8
247
56
52
8
48
252
13
38
168
221
76
188
244
203
52
184
204
41
171
64
60
0
28
220
176
164
47
14
100
184
176
158
7
14
52
0
77
27
32
100
61
80
212
16
218
92
59
172
200
4
148
160
244
242
244
112
17
140
148
154
220
203
148
128
41
70
220
61
0
30
217
1
40
0
59
48
11
67
76
44
247
22
17
115
32
100
148
32
208
95
4
121
224
200
2
2
224
7
24
0
252
40
44
20
176
139
124
228
168
44
188
30
13
39
4
248
11
236
117
49
87
170
130
30
173
102
244
136
192
84
8
11
19
13
13
7
26
164
160
32
118
32
14
56
168
56
52
108
148
52
87
112
37
132
16
52
96
150
11
140
172
31
64
80
183
100
38
58
193
81
100
240
64
31
1
124
176
16
7
37
56
44
170
102
236
169
7
128
104
68
61
200
224
196
202
140
148
240
220
84
208
176
32
132
244
224
32
224
80
4
100
208
4
56
16
22
81
49
56
168
244
208
164
36
134
37
64
11
28
52
244
16
124
46
95
32
93
67
217
244
128
11
74
104
240
152
124
64
116
244
240
64
64
4
208
28
1
55
49
56
56
22
248
250
184
55
8
215
4
8
16
44
140
112
64
32
31
32
4
26
52
8
14
254
64
32
61
7
220
11
70
128
208
32
227
4
64
84
148
3
55
100
35
14
28
28
26
36
41
31
50
11
11
13
25
32
52
28
76
145
109
13
239
172
112
62
44
7
58
168
180
48
109
104
77
83
164
224
176
43
141
11
72
62
224
16
140
179
14
45
55
176
127
7
3
2
97
129
52
84
100
140
28
100
218
41
55
136
34
168
208
96
8
0
44
109
88
64
16
201
50
94
52
244
173
251
77
224
194
73
131
32
2
17
208
73
225
11
201
224
104
52
56
25
26
96
62
142
180
224
4
224
152
16
14
97
75
233
8
140
47
128
31
40
140
32
24
18
224
176
80
188
188
248
82
35
33
2
171
148
248
124
217
81
204
176
94
173
61
94
191
52
92
106
208
128
4
134
98
112
26
42
118
128
26
72
1
176
38
128
161
152
18
242
49
186
145
52
84
110
168
128
121
76
140
44
20
16
244
208
120
240
176
230
147
65
0
91
22
23
224
9
43
45
139
44
22
208
152
224
26
53
25
185
68
13
1
5
35
96
233
144
76
31
176
203
205
73
208
154
162
26
88
161
107
165
51
216
228
145
62
18
18
30
131
145
154
242
4
64
243
111
170
115
80
188
250
52
44
50
230
88
3
0
118
176
224
230
36
199
182
116
84
88
3
18
122
244
173
139
70
125
53
197
181
114
187
164
49
148
39
9
1
244
227
46
243
133
32
19
74
160
238
157
106
204
24
209
26
70
16
218
155
44
248
115
222
150
194
125
57
197
56
61
4
156
44
13
116
149
144
108
39
216
152
19
31
188
200
64
61
239
200
76
19
32
64
120
18
124
8
7
143
123
76
41
125
1
212
104
64
176
200
160
196
212
96
24
16
4
84
152
160
52
200
176
193
200
232
142
164
214
180
61
8
25
12
0
72
140
28
128
20
8
13
10
28
52
16
0
181
161
186
112
204
56
100
112
208
192
32
128
48
112
224
16
1
1
1
3
6
9
14
3
3
6
2
14
50
38
208
14
72
61
160
152
133
137
54
59
172
156
188
80
122
93
220
217
55
131
35
186
49
104
109
34
66
32
148
164
105
232
120
116
28
0
232
67
61
239
128
137
178
28
164
32
244
76
16
28
176
64
0
9
124
236
84
74
11
194
115
16
32
146
196
104
32
176
192
88
14
44
28
70
38
224
38
4
56
170
64
109
218
100
32
42
59
88
32
69
112
170
69
16
100
164
128
70
85
128
202
59
1
16
16
180
37
148
212
236
14
208
52
177
37
140
121
68
88
164
112
224
152
101
124
4
41
191
80
164
4
28
108
6
161
62
93
253
4
182
29
108
184
204
4
220
112
100
177
233
128
156
148
239
0
128
44
116
180
209
200
88
208
59
182
184
197
32
5
47
168
224
52
52
44
208
164
16
36
240
80
152
1
36
188
98
32
127
112
112
26
11
56
40
110
13
100
64
40
112
1
146
2
32
192
164
104
4
134
13
128
208
13
2
1
130
61
200
188
239
229
176
193
140
138
16
76
1
148
211
140
8
37
64
55
97
93
80
220
188
16
40
214
122
100
56
138
56
52
8
98
16
98
20
38
194
184
69
174
229
133
248
88
52
48
236
152
176
43
152
32
176
208
61
100
87
107
31
22
227
176
70
88
19
131
148
172
167
64
54
19
191
180
8
181
196
14
130
14
93
100
37
19
107
62
30
194
98
236
21
176
53
128
110
11
47
2
46
117
88
28
46
44
47
12
230
6
81
160
52
96
244
255
40
176
144
16
244
1
16
126
148
223
109
120
128
204
120
240
128
160
188
120
104
132
38
3
6
42
140
112
50
36
32
56
41
157
120
224
224
188
192
187
211
0
32
32
196
144
164
37
32
192
48
176
234
58
250
50
22
22
184
152
32
216
88
248
84
252
152
50
113
20
211
45
10
201
10
205
174
150
17
179
175
167
16
228
107
114
67
40
72
175
152
36
86
205
190
21
50
232
33
60
204
104
16
204
21
135
168
72
14
52
62
168
2
252
129
168
104
236
92
12
104
88
140
70
164
40
224
244
237
226
76
237
197
128
26
224
150
212
108
23
153
242
0
32
222
8
44
36
68
50
198
84
100
150
161
231
251
14
149
244
200
24
16
152
181
118
208
64
29
215
177
64
248
19
200
60
96
65
28
149
80
99
121
21
188
56
108
0
84
84
152
132
122
108
59
148
29
140
47
2
32
224
4
152
227
194
158
34
136
147
192
201
82
128
210
140
176
2
72
44
244
21
150
167
40
75
45
100
89
52
124
109
108
236
64
124
64
9
152
16
32
62
19
157
160
56
0
224
196
48
40
48
132
7
6
220
182
64
68
16
174
191
174
196
4
239
220
44
183
241
8
32
160
220
0
167
56
52
204
167
37
28
209
62
164
22
185
32
115
211
233
164
174
31
132
22
27
32
196
176
170
0
184
133
76
206
117
20
0
65
161
157
212
10
211
212
108
48
58
22
26
54
252
107
7
124
13
47
176
8
203
74
214
18
14
4
26
109
151
31
179
48
50
76
38
214
110
221
196
43
18
44
37
30
94
34
137
136
45
88
252
64
72
192
152
216
160
128
168
64
35
80
216
96
50
164
8
32
192
96
16
204
196
243
169
148
210
16
208
180
224
195
131
68
158
11
228
109
112
132
80
96
16
151
44
0
236
160
163
18
148
16
72
28
248
2
53
192
76
154
172
5
35
142
56
52
180
80
200
143
128
104
40
112
6
244
34
87
76
188
107
52
178
26
26
24
142
244
108
184
227
100
87
185
150
96
114
24
140
116
119
13
93
208
2
41
179
61
155
26
214
74
96
128
180
69
245
165
179
183
22
161
197
109
92
21
148
4
132
13
226
32
192
160
128
104
196
152
80
100
64
21
19
177
240
2
56
81
84
64
253
236
64
124
55
157
139
238
163
89
11
4
16
210
115
74
118
147
196
24
148
75
252
81
8
60
62
124
253
124
224
228
161
12
160
0
63
152
232
28
132
20
52
174
21
5
11
100
37
240
164
155
51
148
11
162
88
80
184
100
59
33
1
99
59
26
114
56
94
96
176
100
59
47
49
196
222
180
32
84
4
1
191
181
176
32
168
16
144
38
128
112
208
136
8
42
186
244
244
131
100
52
168
56
96
41
2
208
33
180
160
112
232
32
32
64
193
212
121
174
2
38
186
100
60
32
188
52
44
192
74
197
208
16
0
40
22
242
56
44
161
76
5
67
224
196
35
192
224
168
118
123
0
80
97
8
185
214
109
111
184
34
84
144
148
51
44
217
72
88
113
87
7
176
74
150
82
100
55
211
150
179
122
18
224
64
170
129
12
218
84
72
60
208
56
176
28
104
16
48
100
137
208
25
140
8
69
25
48
66
67
46
105
206
221
121
62
39
15
120
148
221
165
101
6
89
189
224
94
208
44
145
179
146
121
92
128
153
166
16
156
104
248
56
176
52
112
192
138
108
84
31
208
64
128
152
8
254
185
4
137
145
208
100
187
62
59
200
38
91
168
52
14
72
62
26
186
32
176
248
200
196
8
152
8
4
131
1
25
4
130
8
42
26
41
16
7
49
129
73
200
82
10
56
217
98
39
224
77
14
88
193
154
56
208
1
121
59
79
63
194
224
118
47
173
34
112
204
25
110
4
193
157
203
112
37
32
70
177
52
102
61
47
0
208
192
13
100
20
59
19
211
90
224
190
160
174
47
25
4
176
227
230
224
3
112
104
95
99
107
169
32
11
124
5
137
53
60
87
2
69
246
30
240
186
102
179
135
251
40
253
208
70
32
19
61
197
221
237
29
133
102
193
28
128
186
171
200
168
122
124
28
98
47
49
110
206
234
63
138
62
241
192
117
67
83
165
172
132
56
82
121
186
147
132
124
224
253
61
148
2
196
187
13
0
41
94
173
168
216
182
70
56
82
63
236
118
82
176
124
59
39
50
199
176
42
52
178
204
147
248
213
220
53
64
59
64
100
2
59
176
124
1
44
32
2
229
120
250
36
208
192
165
22
23
23
203
36
122
118
81
70
112
83
116
247
49
181
61
155
89
200
107
21
150
178
95
234
42
209
26
228
180
205
12
65
165
36
102
115
165
119
19
149
69
64
128
96
128
69
14
182
11
92
7
32
228
216
110
198
184
41
124
44
197
68
100
35
42
67
0
22
23
26
212
92
152
16
177
106
68
52
3
54
0
179
206
34
44
118
33
87
157
23
64
64
19
12
61
6
71
182
14
102
176
208
133
58
152
69
203
57
37
20
154
2
72
88
164
32
107
29
247
223
238
251
146
146
180
50
122
13
140
41
123
115
189
61
47
81
182
60
239
108
91
56
52
37
28
189
137
157
16
4
184
248
134
62
52
17
235
190
132
237
205
28
37
152
32
25
121
251
4
52
28
244
164
174
84
132
40
140
21
20
88
37
19
84
76
64
208
139
34
228
188
244
207
138
38
26
55
146
24
216
222
2
253
80
200
236
160
251
156
84
188
130
4
188
240
78
251
144
4
20
165
55
27
254
12
112
131
250
25
124
30
12
104
1
223
4
74
152
35
152
208
30
187
27
84
212
129
72
64
75
32
205
8
173
16
152
208
120
21
8
164
148
30
84
23
19
67
117
37
48
103
164
32
59
79
206
162
104
213
184
161
188
25
73
173
112
176
44
128
241
204
20
108
204
152
53
32
192
137
32
135
122
253
229
205
44
221
55
84
239
12
28
240
51
180
94
235
212
242
184
41
237
47
154
216
14
16
92
140
21
96
185
123
133
251
96
88
195
12
36
36
24
90
137
133
140
229
27
204
17
249
47
2
107
169
76
93
5
124
41
44
180
0
16
176
44
92
139
5
49
38
28
152
32
160
8
47
152
2
13
8
41
19
26
98
32
4
79
22
100
242
173
248
52
142
193
77
10
71
43
25
74
14
11
2
115
7
59
115
62
128
35
59
74
146
117
100
52
8
19
22
140
56
8
56
188
13
20
208
2
5
116
206
31
151
135
85
250
128
148
82
232
252
219
140
127
40
23
194
178
116
36
216
199
84
162
156
46
36
61
0
28
191
160
5
124
105
168
8
117
229
255
38
25
13
163
50
56
56
38
128
11
228
206
248
56
44
55
2
6
208
44
59
148
2
168
165
13
40
176
16
153
14
250
172
19
108
171
127
42
13
89
239
25
112
185
37
81
77
56
37
8
41
57
7
41
62
13
149
68
24
152
248
21
236
32
88
39
4
151
70
213
2
142
220
159
93
49
160
24
27
160
144
28
179
148
18
141
47
44
102
252
40
5
218
212
31
202
196
213
236
204
69
112
176
212
208
112
0
32
56
44
11
4
26
218
96
138
33
11
25
124
132
104
41
103
130
228
128
2
132
97
2
13
38
16
92
37
84
8
124
0
218
64
28
83
32
32
32
224
11
52
2
160
25
32
96
41
32
11
37
25
27
246
205
69
208
7
137
81
173
152
124
8
60
13
35
55
12
16
188
28
55
56
25
60
38
27
146
10
4
9
7
8
96
48
12
36
64
159
238
52
48
64
0
3
138
80
4
8
218
218
54
136
21
90
0
41
4
29
4
32
176
59
47
112
12
169
186
140
244
155
244
168
96
25
148
14
12
64
32
36
228
243
116
128
224
12
142
160
165
116
36
165
73
212
1
64
64
21
55
16
95
50
80
25
192
48
64
120
244
198
244
19
7
208
16
161
157
213
192
80
77
228
188
79
203
198
41
120
44
224
4
182
55
69
196
125
248
20
153
8
36
137
112
176
128
16
64
72
55
198
22
173
32
164
193
113
208
3
55
177
234
216
68
157
134
190
226
212
214
147
16
56
228
230
251
151
146
130
152
148
128
164
138
37
80
42
14
168
152
79
122
184
37
140
0
176
188
100
164
62
19
206
74
79
47
134
157
96
232
124
28
28
81
20
192
108
3
224
20
64
49
110
200
28
112
148
62
52
140
219
228
91
252
44
57
83
63
34
232
112
37
100
233
204
44
10
72
112
25
32
164
137
248
205
64
196
79
138
208
84
21
103
146
152
230
37
171
10
195
137
13
181
16
44
157
198
57
46
186
239
149
162
121
69
192
17
34
17
177
190
140
219
169
8
38
213
102
147
238
83
14
32
164
64
24
76
211
26
5
254
143
220
251
67
68
238
127
72
165
236
81
244
84
225
20
199
160
149
192
240
161
176
204
104
100
199
224
11
94
196
139
69
167
181
145
252
186
145
204
32
19
220
160
192
144
15
144
29
116
93
202
108
118
50
17
182
50
51
7
43
160
16
120
195
192
189
151
138
120
20
42
183
113
109
140
90
21
208
124
252
175
69
1
148
138
116
230
212
112
214
247
0
11
13
94
92
172
217
143
152
157
196
62
214
1
208
155
53
86
46
115
101
221
46
247
137
75
205
43
15
219
207
157
56
193
8
98
173
234
216
214
80
20
252
20
96
176
32
208
4
25
28
7
42
11
36
100
152
205
97
40
4
48
107
85
211
122
49
2
212
168
206
5
192
168
127
81
7
77
133
168
16
130
218
152
18
81
52
27
148
28
204
172
164
66
225
195
208
2
191
0
93
131
244
56
25
1
5
112
148
44
245
128
56
137
50
172
104
14
43
188
32
32
67
139
217
224
64
16
125
185
168
102
39
7
175
228
205
216
154
31
79
168
70
56
161
137
143
32
24
95
160
64
100
77
67
156
176
11
56
0
16
211
32
16
142
18
183
179
119
105
172
12
4
14
180
8
60
17
155
50
77
140
159
192
0
192
44
31
28
16
8
38
248
168
200
165
109
173
250
28
159
152
115
26
28
74
139
44
16
217
62
64
24
224
144
6
224
220
227
155
190
82
142
19
97
61
187
89
92
16
225
164
199
120
132
84
66
98
55
117
142
25
44
176
50
61
227
181
28
16
4
87
112
16
168
164
41
28
64
75
28
242
73
165
32
55
3
216
228
21
64
199
115
176
114
132
0
50
24
32
236
55
137
16
16
132
255
227
38
237
126
121
175
71
88
28
56
105
44
155
138
16
32
91
240
127
16
7
21
132
208
16
128
44
104
201
32
36
50
204
166
17
226
150
59
64
88
1
7
36
16
42
224
61
52
233
112
75
18
138
100
211
174
198
62
80
226
230
206
148
47
211
81
120
84
50
176
35
191
164
55
133
86
88
177
164
89
10
84
246
145
166
104
98
216
32
60
88
128
40
112
73
5
107
133
234
97
78
141
208
160
118
64
175
125
118
7
112
48
24
142
254
8
72
137
228
5
28
208
143
59
56
212
1
48
185
124
4
225
216
124
29
79
104
88
55
56
156
52
176
220
49
82
73
112
94
165
17
138
56
208
37
52
160
62
88
64
57
37
72
110
112
39
192
115
174
62
191
134
104
145
91
240
11
47
128
142
176
173
38
222
64
56
103
20
36
175
1
19
113
26
37
196
240
88
14
16
217
233
88
22
212
155
236
57
112
43
104
176
88
112
237
252
150
183
88
248
219
20
28
168
88
44
104
44
1
208
38
87
52
124
40
120
74
248
19
248
49
242
127
12
132
28
124
52
112
181
165
42
61
82
29
1
28
206
36
240
148
91
161
214
70
121
198
164
210
138
5
160
61
126
108
214
188
50
61
52
47
165
31
8
53
1
36
14
176
117
8
76
170
104
113
229
176
224
54
112
8
128
203
136
200
174
34
47
74
104
124
36
207
34
41
64
91
38
59
152
225
19
160
2
20
148
193
248
53
21
159
244
64
62
28
168
76
168
96
188
140
158
138
172
64
16
49
14
41
94
7
42
115
35
19
55
87
214
74
73
96
1
252
160
128
192
32
3
144
40
116
8
247
56
140
52
8
8
216
28
24
196
50
8
100
4
170
216
220
228
146
32
26
253
9
140
164
161
157
152
200
88
200
227
186
16
64
60
64
176
224
64
0
241
84
192
237
182
44
21
133
1
16
11
1
49
122
26
22
7
16
19
89
110
25
162
188
176
2
232
49
55
8
47
220
52
56
26
248
180
164
127
42
77
1
112
183
31
124
254
134
32
121
198
25
14
28
17
199
5
214
7
88
55
32
35
164
178
176
220
30
186
87
176
137
117
66
51
111
150
131
33
31
240
89
32
55
25
130
42
75
104
68
248
32
16
73
32
44
245
166
192
168
8
202
191
73
84
192
152
204
156
239
211
232
154
254
70
188
0
172
42
218
176
148
73
62
173
254
10
45
28
232
50
234
2
1
194
162
95
79
117
1
100
130
145
110
60
16
137
11
94
26
14
70
174
199
253
70
247
228
223
231
165
81
52
12
224
173
188
196
13
120
1
188
200
210
91
160
248
24
134
40
148
13
139
236
52
32
117
186
188
217
49
247
218
144
28
36
2
187
38
140
241
123
113
158
25
8
230
4
109
234
80
28
233
196
73
177
88
212
135
45
181
223
22
36
229
196
48
138
187
14
19
144
226
208
196
210
35
33
252
151
172
100
2
128
110
21
144
63
241
208
112
98
78
231
224
98
84
160
162
60
93
238
86
160
16
216
251
196
147
254
96
98
136
209
48
169
152
44
4
181
75
240
38
85
81
146
31
95
96
240
84
152
4
8
52
241
124
9
53
48
200
4
115
213
116
188
212
116
4
104
209
77
189
128
205
185
36
206
208
163
134
39
114
145
169
50
138
23
187
128
250
250
8
28
88
42
16
204
64
16
32
44
240
4
220
13
37
31
228
50
236
160
14
16
8
239
104
50
144
133
28
58
173
152
106
96
254
115
102
14
10
16
140
141
76
224
22
134
245
128
30
59
21
8
37
36
128
64
50
108
7
133
182
170
93
189
20
129
114
241
41
110
206
152
74
228
0
122
52
74
53
148
192
110
157
208
100
120
20
17
145
55
14
82
176
87
122
45
186
251
102
235
169
181
41
242
188
173
110
112
144
107
22
72
48
64
16
244
4
60
220
128
106
200
40
79
89
67
115
87
60
84
21
12
148
72
12
8
93
11
128
174
128
148
132
31
120
134
17
7
224
21
106
68
208
59
19
40
104
194
52
42
159
54
73
105
222
122
129
215
22
56
124
8
31
28
56
121
61
140
208
128
84
56
4
28
1
185
112
76
61
38
52
47
97
2
152
7
26
196
162
162
188
140
65
91
62
46
111
20
202
4
9
72
55
132
208
2
81
64
202
208
214
188
50
64
147
50
216
116
0
18
73
64
84
16
184
56
96
3
84
162
22
18
118
8
5
56
25
64
95
140
236
49
215
56
78
184
11
129
96
9
172
97
70
10
200
116
38
148
200
191
156
37
160
244
193
144
113
86
116
181
70
168
50
26
84
224
17
8
229
33
59
62
70
60
9
11
30
47
0
8
213
137
134
28
124
132
185
153
208
38
203
116
140
45
181
20
59
8
61
12
11
208
48
164
0
64
64
4
52
18
10
37
2
2
51
41
61
14
50
1
128
184
210
240
6
101
102
39
42
15
4
123
148
67
224
103
90
154
22
44
11
162
123
96
11
155
36
16
122
18
48
166
217
1
48
133
10
235
248
35
130
134
16
46
185
26
10
62
192
104
28
80
94
41
87
73
47
159
42
44
188
141
2
6
116
72
3
30
231
186
230
153
246
136
9
214
144
39
22
36
233
43
232
243
70
64
229
42
19
27
51
138
190
2
84
64
56
224
171
132
131
153
137
187
150
2
17
6
128
244
40
131
175
0
6
138
98
228
8
234
180
56
237
83
83
176
218
150
208
181
212
254
212
21
12
109
146
105
104
41
79
35
22
50
0
6
38
27
7
40
83
112
200
205
144
120
72
160
128
37
38
31
1
41
14
133
104
56
194
208
40
104
2
6
234
199
110
60
41
10
34
84
8
134
157
48
48
38
189
117
153
173
248
56
183
112
36
24
103
0
8
48
137
168
61
211
244
209
172
196
119
64
128
98
6
248
42
114
1
161
228
190
204
182
24
182
4
176
160
8
226
170
144
64
217
245
89
8
82
20
228
4
203
13
10
15
185
42
0
134
114
48
94
107
1
128
34
127
1
9
54
208
139
170
160
1
64
241
183
32
226
35
56
32
73
130
104
242
186
42
33
108
22
56
32
42
30
159
47
22
60
5
75
42
44
66
32
42
145
75
196
28
19
184
105
53
222
21
121
208
161
21
122
26
135
35
247
31
62
73
16
238
150
116
29
86
2
29
122
195
38
140
117
245
83
225
38
127
16
212
36
248
39
182
31
97
32
117
47
14
35
69
209
136
202
139
54
79
56
204
28
164
59
209
240
91
155
8
110
128
252
65
27
0
107
32
4
188
100
208
23
160
219
150
70
194
172
25
254
37
118
248
128
37
112
16
42
185
128
32
99
191
104
211
219
165
177
152
59
227
85
136
69
124
151
13
56
124
48
201
100
27
248
38
108
64
50
35
87
216
16
112
38
204
104
134
88
16
62
114
49
139
68
183
66
140
121
0
232
40
62
84
174
42
245
224
161
69
137
170
195
40
227
194
49
98
54
52
40
81
85
14
14
121
68
82
247
215
254
149
17
40
116
8
176
128
80
200
200
42
160
168
231
135
226
188
96
11
192
27
194
113
217
226
47
130
118
2
97
197
84
193
79
127
82
79
25
15
58
146
125
53
223
214
51
193
192
211
140
80
126
147
92
59
156
224
158
244
128
155
142
121
78
97
137
187
55
52
177
52
17
48
112
42
22
16
62
64
186
186
248
42
118
199
55
42
168
14
104
217
199
197
176
12
167
64
25
24
146
11
148
155
109
152
26
157
13
13
16
27
112
59
253
64
20
100
162
67
61
238
184
151
204
164
168
182
180
134
190
150
185
77
38
217
42
56
10
233
127
180
59
236
215
75
143
208
32
164
100
220
49
163
76
8
188
208
242
57
151
221
238
246
55
8
210
130
120
247
55
35
25
97
253
197
242
155
228
76
118
160
124
73
228
242
12
182
200
171
152
206
34
95
27
140
173
166
141
211
202
14
101
151
192
228
76
118
6
52
132
36
251
184
155
133
106
248
64
28
1
55
141
138
34
61
32
30
229
56
20
56
7
56
45
37
2
41
61
244
98
148
234
40
106
134
92
59
138
244
22
128
52
153
99
71
226
232
133
170
170
182
56
154
235
93
50
8
72
16
110
216
96
163
137
22
38
32
16
237
109
100
120
234
106
74
32
8
174
32
14
8
50
8
146
59
162
118
190
23
162
174
120
64
64
212
8
130
92
88
70
31
200
36
197
181
74
214
200
22
84
61
136
160
51
197
208
70
125
138
42
1
16
220
0
0
4
112
242
8
25
28
10
55
174
74
32
191
208
68
159
162
208
38
240
61
136
196
128
119
8
56
162
14
14
255
34
145
189
242
222
178
174
35
154
138
47
184
193
176
109
25
32
32
212
38
94
35
91
134
127
26
6
109
3
136
200
218
86
55
174
224
32
126
208
6
62
49
155
32
21
168
134
4
199
133
181
37
64
59
220
75
214
124
32
41
51
50
82
168
164
116
24
197
73
73
93
56
28
66
116
213
224
38
210
215
45
133
35
126
81
240
66
51
98
34
64
214
236
64
74
131
48
107
201
75
48
116
4
208
131
164
62
51
75
116
97
210
42
200
224
26
115
60
44
22
253
33
178
42
241
49
156
76
161
74
80
59
56
37
98
40
22
89
193
168
4
180
145
180
145
125
224
87
220
35
102
115
14
160
2
222
208
70
0
132
42
2
189
201
42
148
59
55
44
198
128
84
21
59
240
86
33
8
28
55
4
115
67
42
174
241
100
16
93
97
5
157
49
44
118
8
28
2
8
4
146
192
58
152
229
87
211
214
45
168
249
127
148
66
218
217
74
4
7
237
9
231
32
59
50
192
152
194
67
22
131
151
8
234
32
232
1
37
138
19
42
32
200
35
71
169
32
168
86
53
89
32
69
13
78
7
194
88
70
166
51
101
83
121
36
47
52
44
19
11
5
23
38
28
22
49
122
59
37
6
4
1
122
188
8
93
124
74
220
152
22
233
185
212
6
152
184
64
16
247
108
9
181
203
145
1
161
95
229
44
66
167
21
74
38
50
218
38
202
158
81
171
88
143
120
15
1
115
47
112
164
248
206
35
63
4
147
4
56
24
7
154
73
22
31
32
5
7
4
29
76
181
19
92
151
158
119
136
75
38
54
91
28
165
93
7
22
37
28
188
47
179
140
145
119
15
49
220
84
84
227
6
150
208
112
194
164
194
8
52
147
68
59
205
19
137
76
14
224
241
97
118
61
128
52
28
5
14
56
11
81
8
7
155
214
5
193
154
168
47
0
122
250
173
226
99
11
134
236
44
2
64
232
4
152
76
64
168
232
16
28
152
44
2
41
115
4
173
14
28
19
4
14
38
62
13
19
32
103
14
152
55
1
16
134
164
42